%YAML:1.0
    TPC_HistP: !!opencv-matrix
        rows: 4
        cols: 212
        dt: f
        data: [ 0.313559, 0.203390, 0.305085, 
            0.313559, 0.279661, 0.288136, 0.288136, 
            0.279661, 0.279661, 0.279661, 0.288136, 
            0.288136, 0.254237, 0.279661, 0.279661, 
            0.279661, 0.279661, 0.262712, 0.288136, 
            0.245763, 0.313559, 0.203390, 0.305085, 
            0.313559, 0.279661, 0.288136, 0.288136, 
            0.279661, 0.279661, 0.279661, 0.288136, 
            0.288136, 0.254237, 0.279661, 0.279661, 
            0.279661, 0.279661, 0.262712, 0.288136, 
            0.245763, 0.313559, 0.203390, 0.305085, 
            0.313559, 0.279661, 0.288136, 0.288136, 
            0.279661, 0.279661, 0.279661, 0.288136, 
            0.288136, 0.254237, 0.279661, 0.279661, 
            0.279661, 0.279661, 0.262712, 0.288136, 
            0.245763, 0.271186, 0.288136, 0.279661, 
            0.245763, 0.254237, 0.262712, 0.254237, 
            0.254237, 0.271186, 0.279661, 0.271186, 
            0.271186, 0.279661, 0.279661, 0.288136, 
            0.262712, 0.271186, 0.305085, 0.271186, 
            0.313559, 0.271186, 0.288136, 0.279661, 
            0.245763, 0.254237, 0.262712, 0.254237, 
            0.254237, 0.271186, 0.279661, 0.271186, 
            0.271186, 0.279661, 0.279661, 0.288136, 
            0.262712, 0.271186, 0.305085, 0.271186, 
            0.313559, 0.271186, 0.288136, 0.279661, 
            0.245763, 0.254237, 0.262712, 0.254237, 
            0.254237, 0.271186, 0.279661, 0.271186, 
            0.271186, 0.279661, 0.279661, 0.288136, 
            0.262712, 0.271186, 0.305085, 0.271186, 
            0.313559, 0.330508, 0.194915, 0.296610, 
            0.271186, 0.220339, 0.288136, 0.296610, 
            0.288136, 0.279661, 0.296610, 0.313559, 
            0.313559, 0.313559, 0.313559, 0.313559, 
            0.322034, 0.330508, 0.330508, 0.338983, 
            0.347458, 0.330508, 0.194915, 0.296610, 
            0.271186, 0.220339, 0.288136, 0.296610, 
            0.288136, 0.279661, 0.296610, 0.313559, 
            0.313559, 0.313559, 0.313559, 0.313559, 
            0.322034, 0.330508, 0.330508, 0.338983, 
            0.347458, 0.330508, 0.194915, 0.296610, 
            0.271186, 0.220339, 0.288136, 0.296610, 
            0.288136, 0.279661, 0.296610, 0.313559, 
            0.313559, 0.313559, 0.313559, 0.313559, 
            0.322034, 0.330508, 0.330508, 0.338983, 
            0.347458, 0.322034, 0.245763, 0.347458, 
            0.271186, 0.288136, 0.254237, 0.347458, 
            0.271186, 0.322034, 0.245763, 0.347458, 
            0.271186, 0.305085, 0.245763, 0.347458, 
            0.271186, 0.237288, 0.237288, 0.262712, 
            0.262712, 0.254237, 0.254237, 0.254237, 
            0.245763, 0.271186, 0.262712, 0.262712, 
            0.262712, 0.245763, 0.245763, 0.254237, 
            0.254237, 0.211864, 0.364407, 0.262712, 
            0.228814, 0.245763, 0.237288, 0.228814, 
            0.228814, 0.228814, 0.211864, 0.211864, 
            0.220339, 0.254237, 0.228814, 0.245763, 
            0.228814, 0.237288, 0.254237, 0.211864, 
            0.271186, 0.211864, 0.364407, 0.262712, 
            0.228814, 0.245763, 0.237288, 0.228814, 
            0.228814, 0.228814, 0.211864, 0.211864, 
            0.220339, 0.254237, 0.228814, 0.245763, 
            0.228814, 0.237288, 0.254237, 0.211864, 
            0.271186, 0.211864, 0.364407, 0.262712, 
            0.228814, 0.245763, 0.237288, 0.228814, 
            0.228814, 0.228814, 0.211864, 0.211864, 
            0.220339, 0.254237, 0.228814, 0.245763, 
            0.228814, 0.237288, 0.254237, 0.211864, 
            0.271186, 0.211864, 0.220339, 0.237288, 
            0.288136, 0.262712, 0.271186, 0.279661, 
            0.279661, 0.237288, 0.228814, 0.211864, 
            0.211864, 0.211864, 0.228814, 0.228814, 
            0.245763, 0.245763, 0.211864, 0.288136, 
            0.211864, 0.211864, 0.220339, 0.237288, 
            0.288136, 0.262712, 0.271186, 0.279661, 
            0.279661, 0.237288, 0.228814, 0.211864, 
            0.211864, 0.211864, 0.228814, 0.228814, 
            0.245763, 0.245763, 0.211864, 0.288136, 
            0.211864, 0.211864, 0.220339, 0.237288, 
            0.288136, 0.262712, 0.271186, 0.279661, 
            0.279661, 0.237288, 0.228814, 0.211864, 
            0.211864, 0.211864, 0.228814, 0.228814, 
            0.245763, 0.245763, 0.211864, 0.288136, 
            0.211864, 0.228814, 0.381356, 0.203390, 
            0.245763, 0.347458, 0.245763, 0.237288, 
            0.237288, 0.279661, 0.228814, 0.211864, 
            0.194915, 0.203390, 0.194915, 0.203390, 
            0.211864, 0.194915, 0.203390, 0.220339, 
            0.203390, 0.228814, 0.381356, 0.203390, 
            0.245763, 0.347458, 0.245763, 0.237288, 
            0.237288, 0.279661, 0.228814, 0.211864, 
            0.194915, 0.203390, 0.194915, 0.203390, 
            0.211864, 0.194915, 0.203390, 0.220339, 
            0.203390, 0.228814, 0.381356, 0.203390, 
            0.245763, 0.347458, 0.245763, 0.237288, 
            0.237288, 0.279661, 0.228814, 0.211864, 
            0.194915, 0.203390, 0.194915, 0.203390, 
            0.211864, 0.194915, 0.203390, 0.220339, 
            0.203390, 0.220339, 0.211864, 0.194915, 
            0.228814, 0.254237, 0.203390, 0.194915, 
            0.237288, 0.220339, 0.211864, 0.194915, 
            0.211864, 0.237288, 0.211864, 0.194915, 
            0.237288, 0.262712, 0.313559, 0.211864, 
            0.245763, 0.228814, 0.211864, 0.245763, 
            0.271186, 0.237288, 0.228814, 0.220339, 
            0.211864, 0.228814, 0.228814, 0.228814, 
            0.228814, 0.228814, 0.203390, 0.203390, 
            0.211864, 0.237288, 0.194915, 0.220339, 
            0.220339, 0.220339, 0.211864, 0.203390, 
            0.220339, 0.228814, 0.220339, 0.220339, 
            0.245763, 0.237288, 0.254237, 0.220339, 
            0.254237, 0.228814, 0.203390, 0.203390, 
            0.211864, 0.237288, 0.194915, 0.220339, 
            0.220339, 0.220339, 0.211864, 0.203390, 
            0.220339, 0.228814, 0.220339, 0.220339, 
            0.245763, 0.237288, 0.254237, 0.220339, 
            0.254237, 0.228814, 0.203390, 0.203390, 
            0.211864, 0.237288, 0.194915, 0.220339, 
            0.220339, 0.220339, 0.211864, 0.203390, 
            0.220339, 0.228814, 0.220339, 0.220339, 
            0.245763, 0.237288, 0.254237, 0.220339, 
            0.254237, 0.271186, 0.211864, 0.262712, 
            0.254237, 0.271186, 0.245763, 0.237288, 
            0.228814, 0.237288, 0.228814, 0.262712, 
            0.254237, 0.220339, 0.220339, 0.220339, 
            0.220339, 0.211864, 0.211864, 0.211864, 
            0.220339, 0.271186, 0.211864, 0.262712, 
            0.254237, 0.271186, 0.245763, 0.237288, 
            0.228814, 0.237288, 0.228814, 0.262712, 
            0.254237, 0.220339, 0.220339, 0.220339, 
            0.220339, 0.211864, 0.211864, 0.211864, 
            0.220339, 0.271186, 0.211864, 0.262712, 
            0.254237, 0.271186, 0.245763, 0.237288, 
            0.228814, 0.237288, 0.228814, 0.262712, 
            0.254237, 0.220339, 0.220339, 0.220339, 
            0.220339, 0.211864, 0.211864, 0.211864, 
            0.220339, 0.203390, 0.211864, 0.203390, 
            0.245763, 0.220339, 0.203390, 0.211864, 
            0.211864, 0.211864, 0.211864, 0.211864, 
            0.228814, 0.237288, 0.245763, 0.203390, 
            0.203390, 0.203390, 0.211864, 0.203390, 
            0.194915, 0.203390, 0.211864, 0.203390, 
            0.245763, 0.220339, 0.203390, 0.211864, 
            0.211864, 0.211864, 0.211864, 0.211864, 
            0.228814, 0.237288, 0.245763, 0.203390, 
            0.203390, 0.203390, 0.211864, 0.203390, 
            0.194915, 0.203390, 0.211864, 0.203390, 
            0.245763, 0.220339, 0.203390, 0.211864, 
            0.211864, 0.211864, 0.211864, 0.211864, 
